10110010 = 11010100 01100110
00110000 = 01011100 01101100
10111101 = 11011100 01100001
11011100 = 10111011 
00010000 = 01101011
01111010 = 00011110
11100001 = 11010011
01111011 = 01001010
00101100 = 01001010
00111011 = 01011110
11100010 = 11010010
11101100 = 11011111
10011001 = 10101100
00000001 = 01111100

RESULT
01100110011011000110000101100111011110110110010000110010
00110001011001100110010100110000001100110011010101111101

000010000110110001100001011001110111101101100100001100100011000101100110011001010011000000110011001101111101

10110010 00110000 10111101 11011100 00010000 01111010 11100001 01111011 00101100 00111011 11100010 11101100 10011001 00000001
